75.0752
75.1171
75.1993
75.2573
75.3349
75.386
75.4179
75.5053
75.5221
75.5584
75.6099
75.6893
75.7413
75.7734
75.8189
75.8922
75.9539
75.9906
76.0513
76.0892
76.1541
76.1691
76.1998
76.2403
76.2793
76.3286
76.3825
76.4228
76.4654
76.4929
76.5776
76.6453
76.6652
76.7266
76.758
76.7893
76.824
76.879
76.9253
76.945
77.0215
77.1102
77.1852
77.256
77.2921
77.3528
77.4167
77.4776
77.4882
77.5453
77.5862
77.6437
77.6882
77.7384
77.7529
77.8133
77.8642
77.8748
77.9152
77.9285
77.9733
78.0155
78.1194
78.2026
78.2298
78.2554
78.3076
78.3442
78.3662
78.4067
78.4695
78.547
78.5719
78.6271
78.6446
78.6746
78.7216
78.745
78.7661
78.8292
78.8728
78.9152
78.9771
79.0482
79.074
79.122
79.1813
79.2477
79.294
79.3435
79.3874
79.4175
79.4349
79.4799
79.5431
79.5736
79.5995
79.6416
79.677
79.7358
79.7772
79.783
79.8085
79.8732
79.9358
79.9885
80.052
80.0964
80.1225
80.1939
80.2197
80.2258
80.2894
80.3675
80.4111
80.4636
80.5062
80.5567
80.6186
80.6653